MOV_ANO_REFERENCIA MOV_MES_REFERENCIA   COUNT(1)        
------------------ ------------------ ----------        
              2002                  1     125572                     2002                  1     125572
              2002                  2     129969                     2002                  2     129969
              2002                  3     185092                     2002                  3     185092
              2002                  4     382997                     2002                  4     382997
              2002                  5     257328                     2002                  5     257328
              2002                  6     296447                     2002                  6     296447
              2002                  7     274515                     2002                  7     274515
              2002                  8     178422                     2002                  8     178422
              2002                  9     175221                     2002                  9     175221
              2002                 10     182191                     2002                 10     182191
              2002                 11     264251                     2002                 11     264251
              2002                 12     484222                     2002                 12     484222
              2002                 13     137566                     2002                 13     137566
              2003                  1     197161                     2003                  1     197161
              2003                  2     188917                     2003                  2     188917
              2003                  3     294271                     2003                  3     294271
              2003                  4     276289                     2003                  4     276289
              2003                  5     414834                     2003                  5     414834
              2003                  6     284625                     2003                  6     284625
              2003                  7     592532                     2003                  7     592532
              2003                  8     227219                     2003                  8     227219
              2003                  9     463116                     2003                  9     463116
              2003                 10     301623                     2003                 10     301623
              2003                 11     318696                     2003                 11     318696
              2003                 12     407085                     2003                 12     407085
              2003                 13     196729                     2003                 13     196729
              2004                  1     237640                     2004                  1     237640
              2004                  2     429913                     2004                  2     429913



  COUNT(1)
----------
   7904443
   

MOV_ANO_REFERENCIA MOV_MES_REFERENCIA   COUNT(1)
------------------ ------------------ ----------
                 2                 11       1216
                13                  1         17
              1999                  1     134106
              1999                  2     138587
              1999                  3     136753
              1999                  4     126777
              1999                  5     131159
              1999                  6     132310
              1999                  7     127927
              1999                  8     125458
              1999                  9     132625
              1999                 10     143840
              1999                 11     134566
              1999                 12     163092
              1999                 13      55413
              2000                  1     133298
              2000                  2     127677
              2000                  3     132395
              2000                  4     127084
              2000                  5     131420
              2000                  6     130058
              2000                  7     128584
              2000                  8     130418
              2000                  9     132330
              2000                 10     216502
              2000                 11     156025
              2000                 12     147933
              2000                 13      56451
              2001                  1     153546
              2001                  2     131192
              2001                  3     143209
              2001                  4     129356
              2001                  5     134258
              2001                  6     162062
              2001                  7     178661
              2001                  8     130068
              2001                  9     114245
              2001                 10     116342
              2001                 11     154298
              2001                 12     126749
              2001                 13      39897
              2002                  1     125572
              2002                  2     129969
              2002                  3     185092
              2002                  4     382997
              2002                  5     257328
              2002                  6     296447
              2002                  7     274515
              2002                  8     178422
              2002                  9     175221
              2002                 10     182191
              2002                 11     264251
              2002                 12     484222
              2002                 13     137566
              2003                  1     197161
              2003                  2     188917
              2003                  3     294271
              2003                  4     276289
              2003                  5     414834
              2003                  6     284625
              2003                  7     592532
              2003                  8     227219
              2003                  9     463116
              2003                 10     301623
              2003                 11     318696
              2003                 12     407085
              2003                 13     196729
              2004                  1     237640
              2004                  2     429913
              2004                  3     315367
              2004                  4      16192
              2004                  5        597
              2004                  6        232
              2004                  7         45
              2004                 12          2
              2005                  1         10
              2006                  7          3
              2022                  3          7
              2200                  3          1
              2202                  3          3
              2202                 10          1
              5003                  5          1

82 linhas selecionadas.

SEGMENT_NAME                                  TABLESPACE_NAME                TOTAL EM MB
--------------------------------------------- ------------------------------ -----------
MOVIMENTACAO                                  TSD_PESSOAL                           2577
MOVIMENTACAO1                                 TSD_PESSOAL                            931